10000,000	-56,143
10174,194	-56,204
10351,422	-56,297
10531,737	-56,368
10715,193	-56,477
10901,845	-56,619
11091,748	-56,717
11284,959	-56,848
11481,536	-56,937
11681,537	-57,114
11885,022	-57,236
12092,052	-57,395
12302,688	-57,526
12516,993	-57,670
12735,031	-57,895
12956,867	-58,083
13182,567	-58,320
13412,199	-58,465
13645,831	-58,631
13883,533	-58,939
14125,375	-59,080
14371,431	-59,384
14621,772	-59,616
14876,474	-59,910
15135,612	-60,267
15399,265	-60,551
15667,511	-60,985
15940,429	-61,418
16218,101	-61,778
16500,610	-62,269
16788,040	-62,777
17080,477	-63,288
17378,008	-63,884
17680,722	-64,401
17988,709	-65,149
18302,061	-66,003
18620,871	-66,907
18945,235	-68,018
19275,249	-68,915
19611,012	-70,344
19952,623	-71,806
20300,185	-73,992
20653,802	-75,071
21013,578	-76,258
21379,621	-75,820
21752,040	-74,178
22130,947	-72,481
22516,454	-70,733
22908,677	-68,903
23307,731	-67,158
23713,737	-65,788
24126,815	-64,631
24547,089	-63,630
24974,684	-62,374
25409,727	-61,370
25852,348	-60,500
26302,680	-59,723
26760,856	-58,836
27227,013	-58,056
27701,290	-57,276
28183,829	-56,596
28674,774	-55,900
29174,270	-55,281
29682,467	-54,647
30199,517	-54,077
30725,574	-53,466
31260,794	-52,991
31805,337	-52,433
32359,366	-51,890
32923,045	-51,398
33496,544	-50,884
34080,032	-50,382
34673,685	-49,902
35277,679	-49,447
35892,193	-48,992
36517,413	-48,541
37153,523	-48,102
37800,714	-47,674
38459,178	-47,241
39129,113	-46,797
39810,717	-46,406
40504,195	-45,994
41209,752	-45,590
41927,600	-45,179
42657,952	-44,793
43401,026	-44,404
44157,045	-44,005
44926,232	-43,634
45708,819	-43,252
46505,038	-42,876
47315,126	-42,511
48139,325	-42,147
48977,882	-41,773
49831,046	-41,418
50699,071	-41,059
51582,217	-40,702
52480,746	-40,347
53394,927	-40,001
54325,033	-39,656
55271,341	-39,309
56234,133	-38,966
57213,695	-38,627
58210,322	-38,285
59224,309	-37,951
60255,959	-37,613
61305,579	-37,282
62373,484	-36,942
63459,990	-36,609
64565,423	-36,289
65690,112	-35,965
66834,392	-35,639
67998,605	-35,313
69183,097	-34,994
70388,223	-34,675
71614,341	-34,356
72861,817	-34,038
74131,024	-33,725
75422,340	-33,408
76736,149	-33,095
78072,844	-32,784
79432,823	-32,476
80816,493	-32,168
82224,265	-31,856
83656,560	-31,554
85113,804	-31,246
86596,432	-30,943
88104,887	-30,639
89639,619	-30,339
91201,084	-30,041
92789,749	-29,742
94406,088	-29,445
96050,582	-29,145
97723,722	-28,847
99426,007	-28,552
101157,945	-28,261
102920,053	-27,965
104712,855	-27,675
106536,886	-27,381
108392,691	-27,094
110280,823	-26,808
112201,845	-26,520
114156,330	-26,232
116144,861	-25,948
118168,031	-25,667
120226,443	-25,383
122320,712	-25,103
124451,461	-24,821
126619,327	-24,545
128824,955	-24,268
131069,004	-23,990
133352,143	-23,716
135675,053	-23,734
138038,426	-23,470
140442,968	-23,196
142889,396	-22,921
145378,439	-22,657
147910,839	-22,382
150487,352	-22,119
153108,746	-21,856
155775,803	-21,592
158489,319	-21,335
161250,103	-21,074
164058,977	-20,818
166916,781	-20,561
169824,365	-20,307
172782,598	-20,054
175792,361	-19,802
178854,553	-19,556
181970,086	-19,303
185139,889	-19,060
188364,909	-18,816
191646,106	-18,575
194984,460	-18,331
198380,966	-18,099
201836,636	-17,860
205352,503	-17,630
208929,613	-17,394
212569,035	-17,165
216271,852	-16,938
220039,171	-16,710
223872,114	-16,489
227771,824	-16,267
231739,465	-16,051
235776,220	-15,834
239883,292	-15,621
244061,907	-15,408
248313,311	-15,201
252638,771	-14,997
257039,578	-14,793
261517,045	-14,591
266072,506	-14,394
270707,320	-14,199
275422,870	-14,006
280220,562	-13,815
285101,827	-13,629
290068,120	-13,445
295120,923	-13,264
300261,742	-13,085
305492,111	-12,911
310813,590	-12,741
316227,766	-12,574
321736,253	-12,410
327340,695	-12,249
333042,762	-12,092
338844,156	-11,940
344746,607	-11,789
350751,874	-11,642
356861,749	-11,500
363078,055	-11,360
369402,644	-11,225
375837,404	-11,092
382384,254	-10,964
389045,145	-10,838
395822,065	-10,716
402717,034	-10,598
409732,110	-10,483
416869,383	-10,365
424130,984	-10,254
431519,077	-10,149
439035,866	-10,049
446683,592	-9,952
454464,537	-9,859
462381,021	-9,771
470435,406	-9,686
478630,092	-9,605
486967,525	-9,528
495450,191	-9,456
504080,619	-9,385
512861,384	-9,320
521795,104	-9,259
530884,444	-9,200
540132,115	-9,150
549540,874	-9,099
559113,528	-9,050
568852,931	-9,003
578761,988	-8,961
588843,655	-8,925
599100,939	-8,893
609536,897	-8,865
620154,644	-8,841
630957,344	-8,821
641948,222	-8,804
653130,553	-8,792
664507,673	-8,782
676082,975	-8,778
687859,912	-8,775
699841,996	-8,776
712032,800	-8,780
724435,960	-8,794
737055,175	-8,806
749894,209	-8,820
762956,891	-8,840
776247,117	-8,861
789768,849	-8,885
803526,122	-8,913
817523,038	-8,943
831763,771	-8,979
846252,569	-9,016
860993,752	-9,055
875991,718	-9,097
891250,938	-9,143
906775,965	-9,193
922571,427	-9,246
938642,037	-9,308
954992,586	-9,368
971627,952	-9,427
988553,095	-9,489
1005773,063	-9,554
1023292,992	-9,621
1041118,108	-9,691
1059253,725	-9,764
1077705,254	-9,840
1096478,196	-9,918
1115578,151	-9,998
1135010,816	-10,082
1154781,985	-10,165
1174897,555	-10,254
1195363,526	-10,345
1216186,001	-10,436
1237371,190	-10,530
1258925,412	-10,627
1280855,095	-10,727
1303166,778	-10,828
1325867,118	-10,931
1348962,883	-11,035
1372460,961	-11,140
1396368,361	-11,246
1420692,213	-11,354
1445439,771	-11,460
1470618,415	-11,566
1496235,656	-11,673
1522299,133	-11,779
1548816,619	-11,885
1575796,023	-11,992
1603245,391	-12,098
1631172,909	-12,207
1659586,907	-12,314
1688495,859	-12,421
1717908,387	-12,526
1747833,262	-12,632
1778279,410	-12,742
1809255,910	-12,851
1840772,001	-12,964
1872837,083	-13,078
1905460,718	-13,197
1938652,636	-13,310
1972422,736	-13,433
2006781,090	-13,550
2041737,945	-13,665
2077303,726	-13,785
2113489,040	-13,906
2150304,679	-14,030
2187761,624	-14,158
2225871,045	-14,286
2264644,308	-14,417
2304092,976	-14,552
2344228,815	-14,684
2385063,795	-14,819
2426610,095	-14,951
2468880,105	-15,084
2511886,432	-15,218
2555641,901	-15,347
2600159,563	-15,479
2645452,695	-15,596
2691534,804	-15,692
2738419,634	-15,752
2786121,169	-15,872
2834653,633	-16,134
2884031,503	-16,319
2934269,504	-16,478
2985382,619	-16,634
3037386,092	-16,780
3090295,433	-16,927
3144126,420	-17,071
3198895,110	-17,218
3254617,835	-17,359
3311311,215	-17,504
3368992,157	-17,648
3427677,865	-17,792
3487385,841	-17,939
3548133,892	-18,082
3609940,136	-18,222
3672823,005	-18,363
3736801,254	-18,506
3801893,963	-18,647
3868120,546	-18,791
3935500,755	-18,936
4004054,683	-19,081
4073802,778	-19,227
4144765,840	-19,371
4216965,034	-19,517
4290421,892	-19,664
4365158,322	-19,809
4441196,614	-19,954
4518559,444	-20,099
4597269,885	-20,247
4677351,413	-20,392
4758827,910	-20,542
4841723,676	-20,686
4926063,433	-20,836
5011872,336	-20,981
5099175,976	-21,123
5188000,389	-21,269
5278372,068	-21,416
5370317,964	-21,565
5463865,499	-21,715
5559042,573	-21,861
5655877,571	-22,008
5754399,373	-22,159
5854637,363	-22,306
5956621,435	-22,458
6060382,005	-22,613
6165950,019	-22,756
6273356,960	-22,908
6382634,862	-23,069
6493816,316	-23,225
6606934,480	-23,378
6722023,091	-23,526
6839116,473	-23,687
6958249,547	-23,838
7079457,844	-23,988
7202777,512	-24,145
7328245,331	-24,299
7455898,720	-24,456
7585775,750	-24,616
7717915,156	-24,765
7852356,346	-24,932
7989139,417	-25,090
8128305,162	-25,243
8269895,086	-25,411
8413951,416	-25,565
8560517,117	-25,733
8709635,900	-25,881
8861352,237	-26,049
9015711,376	-26,214
9172759,354	-26,375
9332543,008	-26,541
9495109,992	-26,691
9660508,790	-26,852
9828788,730	-27,006
10000000,000	-27,057
