10000,000	-54,659
10174,194	-54,728
10351,422	-54,760
10531,737	-54,713
10715,193	-54,779
10901,845	-54,807
11091,748	-54,828
11284,959	-54,891
11481,536	-54,877
11681,537	-54,978
11885,022	-54,949
12092,052	-55,013
12302,688	-55,026
12516,993	-55,072
12735,031	-55,103
12956,867	-55,108
13182,567	-55,103
13412,199	-55,270
13645,831	-55,209
13883,533	-55,332
14125,375	-55,286
14371,431	-55,350
14621,772	-55,424
14876,474	-55,469
15135,612	-55,483
15399,265	-55,527
15667,511	-55,622
15940,429	-55,666
16218,101	-55,715
16500,610	-55,751
16788,040	-55,784
17080,477	-55,912
17378,008	-55,920
17680,722	-55,979
17988,709	-56,026
18302,061	-56,135
18620,871	-56,208
18945,235	-56,250
19275,249	-56,344
19611,012	-56,428
19952,623	-56,468
20300,185	-56,588
20653,802	-56,720
21013,578	-56,821
21379,621	-56,893
21752,040	-57,007
22130,947	-57,064
22516,454	-57,171
22908,677	-57,303
23307,731	-57,414
23713,737	-57,582
24126,815	-57,697
24547,089	-57,893
24974,684	-57,989
25409,727	-58,068
25852,348	-58,314
26302,680	-58,535
26760,856	-58,630
27227,013	-58,830
27701,290	-59,028
28183,829	-59,287
28674,774	-59,392
29174,270	-59,663
29682,467	-59,898
30199,517	-60,098
30725,574	-60,477
31260,794	-60,732
31805,337	-61,165
32359,366	-61,505
32923,045	-61,689
33496,544	-62,209
34080,032	-62,617
34673,685	-63,000
35277,679	-63,473
35892,193	-64,008
36517,413	-64,441
37153,523	-65,006
37800,714	-65,677
38459,178	-66,401
39129,113	-67,145
39810,717	-67,788
40504,195	-68,329
41209,752	-68,860
41927,600	-69,240
42657,952	-69,368
43401,026	-69,439
44157,045	-68,559
44926,232	-67,996
45708,819	-67,278
46505,038	-66,272
47315,126	-65,270
48139,325	-64,421
48977,882	-63,414
49831,046	-62,581
50699,071	-61,599
51582,217	-60,831
52480,746	-60,017
53394,927	-59,313
54325,033	-58,542
55271,341	-57,803
56234,133	-57,132
57213,695	-56,454
58210,322	-55,882
59224,309	-55,247
60255,959	-54,697
61305,579	-54,090
62373,484	-53,587
63459,990	-53,029
64565,423	-52,525
65690,112	-51,999
66834,392	-51,484
67998,605	-50,990
69183,097	-50,511
70388,223	-50,037
71614,341	-49,598
72861,817	-49,144
74131,024	-48,708
75422,340	-48,270
76736,149	-47,825
78072,844	-47,431
79432,823	-47,010
80816,493	-46,587
82224,265	-46,172
83656,560	-45,768
85113,804	-45,371
86596,432	-44,990
88104,887	-44,597
89639,619	-44,215
91201,084	-43,846
92789,749	-43,461
94406,088	-43,075
96050,582	-42,715
97723,722	-42,356
99426,007	-41,993
101157,945	-41,625
102920,053	-41,275
104712,855	-40,922
106536,886	-40,567
108392,691	-40,214
110280,823	-39,875
112201,845	-39,537
114156,330	-39,190
116144,861	-38,848
118168,031	-38,514
120226,443	-38,169
122320,712	-37,841
124451,461	-37,511
126619,327	-37,178
128824,955	-36,851
131069,004	-36,529
133352,143	-36,199
135675,053	-35,880
138038,426	-35,556
140442,968	-35,238
142889,396	-34,914
145378,439	-34,604
147910,839	-34,287
150487,352	-33,972
153108,746	-33,657
155775,803	-33,347
158489,319	-33,035
161250,103	-32,731
164058,977	-32,421
166916,781	-32,117
169824,365	-31,809
172782,598	-31,504
175792,361	-31,203
178854,553	-30,903
181970,086	-30,600
185139,889	-30,302
188364,909	-30,004
191646,106	-29,708
194984,460	-29,414
198380,966	-29,119
201836,636	-28,824
205352,503	-28,536
208929,613	-28,242
212569,035	-27,954
216271,852	-27,665
220039,171	-27,378
223872,114	-27,091
227771,824	-26,807
231739,465	-26,523
235776,220	-26,241
239883,292	-25,961
244061,907	-25,681
248313,311	-25,401
252638,771	-25,125
257039,578	-24,848
261517,045	-24,572
266072,506	-24,300
270707,320	-24,318
275422,870	-24,046
280220,562	-23,776
285101,827	-23,504
290068,120	-23,238
295120,923	-22,974
300261,742	-22,718
305492,111	-22,451
310813,590	-22,187
316227,766	-21,930
321736,253	-21,669
327340,695	-21,414
333042,762	-21,163
338844,156	-20,906
344746,607	-20,653
350751,874	-20,405
356861,749	-20,155
363078,055	-19,905
369402,644	-19,662
375837,404	-19,421
382384,254	-19,177
389045,145	-18,940
395822,065	-18,703
402717,034	-18,465
409732,110	-18,233
416869,383	-18,000
424130,984	-17,769
431519,077	-17,546
439035,866	-17,317
446683,592	-17,096
454464,537	-16,874
462381,021	-16,658
470435,406	-16,437
478630,092	-16,224
486967,525	-16,013
495450,191	-15,802
504080,619	-15,594
512861,384	-15,389
521795,104	-15,190
530884,444	-14,990
540132,115	-14,793
549540,874	-14,600
559113,528	-14,407
568852,931	-14,219
578761,988	-14,032
588843,655	-13,850
599100,939	-13,671
609536,897	-13,493
620154,644	-13,320
630957,344	-13,150
641948,222	-12,979
653130,553	-12,816
664507,673	-12,655
676082,975	-12,495
687859,912	-12,342
699841,996	-12,188
712032,800	-12,042
724435,960	-11,897
737055,175	-11,755
749894,209	-11,616
762956,891	-11,482
776247,117	-11,349
789768,849	-11,223
803526,122	-11,101
817523,038	-10,980
831763,771	-10,863
846252,569	-10,751
860993,752	-10,642
875991,718	-10,536
891250,938	-10,434
906775,965	-10,338
922571,427	-10,243
938642,037	-10,154
954992,586	-10,068
971627,952	-9,987
988553,095	-9,909
1005773,063	-9,834
1023292,992	-9,766
1041118,108	-9,700
1059253,725	-9,637
1077705,254	-9,580
1096478,196	-9,526
1115578,151	-9,477
1135010,816	-9,432
1154781,985	-9,391
1174897,555	-9,354
1195363,526	-9,320
1216186,001	-9,293
1237371,190	-9,269
1258925,412	-9,249
1280855,095	-9,232
1303166,778	-9,220
1325867,118	-9,211
1348962,883	-9,205
1372460,961	-9,202
1396368,361	-9,203
1420692,213	-9,207
1445439,771	-9,211
1470618,415	-9,217
1496235,656	-9,226
1522299,133	-9,236
1548816,619	-9,248
1575796,023	-9,261
1603245,391	-9,277
1631172,909	-9,293
1659586,907	-9,312
1688495,859	-9,333
1717908,387	-9,359
1747833,262	-9,385
1778279,410	-9,417
1809255,910	-9,451
1840772,001	-9,491
1872837,083	-9,532
1905460,718	-9,577
1938652,636	-9,627
1972422,736	-9,680
2006781,090	-9,736
2041737,945	-9,795
2077303,726	-9,857
2113489,040	-9,923
2150304,679	-9,993
2187761,624	-10,062
2225871,045	-10,136
2264644,308	-10,214
2304092,976	-10,293
2344228,815	-10,374
2385063,795	-10,456
2426610,095	-10,539
2468880,105	-10,622
2511886,432	-10,705
2555641,901	-10,782
2600159,563	-10,859
2645452,695	-10,920
2691534,804	-10,940
2738419,634	-10,931
2786121,169	-11,016
2834653,633	-11,249
2884031,503	-11,445
2934269,504	-11,584
2985382,619	-11,710
3037386,092	-11,827
3090295,433	-11,941
3144126,420	-12,056
3198895,110	-12,171
3254617,835	-12,285
3311311,215	-12,401
3368992,157	-12,516
3427677,865	-12,633
3487385,841	-12,751
3548133,892	-12,871
3609940,136	-12,991
3672823,005	-13,113
3736801,254	-13,234
3801893,963	-13,358
3868120,546	-13,481
3935500,755	-13,606
4004054,683	-13,730
4073802,778	-13,856
4144765,840	-13,983
4216965,034	-14,113
4290421,892	-14,239
4365158,322	-14,371
4441196,614	-14,499
4518559,444	-14,629
4597269,885	-14,761
4677351,413	-14,892
4758827,910	-15,025
4841723,676	-15,158
4926063,433	-15,291
5011872,336	-15,427
5099175,976	-15,563
5188000,389	-15,698
5278372,068	-15,836
5370317,964	-15,973
5463865,499	-16,112
5559042,573	-16,253
5655877,571	-16,393
5754399,373	-16,534
5854637,363	-16,676
5956621,435	-16,815
6060382,005	-16,959
6165950,019	-17,104
6273356,960	-17,249
6382634,862	-17,393
6493816,316	-17,541
6606934,480	-17,689
6722023,091	-17,837
6839116,473	-17,985
6958249,547	-18,135
7079457,844	-18,285
7202777,512	-18,439
7328245,331	-18,589
7455898,720	-18,743
7585775,750	-18,899
7717915,156	-19,055
7852356,346	-19,209
7989139,417	-19,367
8128305,162	-19,523
8269895,086	-19,685
8413951,416	-19,849
8560517,117	-20,007
8709635,900	-20,168
8861352,237	-20,329
9015711,376	-20,492
9172759,354	-20,659
9332543,008	-20,817
9495109,992	-20,986
9660508,790	-21,154
9828788,730	-21,326
10000000,000	-21,395
