10000,000	-39,584
10174,194	-39,430
10351,422	-39,295
10531,737	-39,141
10715,193	-39,009
10901,845	-38,851
11091,748	-38,706
11284,959	-38,567
11481,536	-38,422
11681,537	-38,271
11885,022	-38,126
12092,052	-37,983
12302,688	-37,833
12516,993	-37,687
12735,031	-37,544
12956,867	-37,394
13182,567	-37,244
13412,199	-37,101
13645,831	-36,949
13883,533	-36,801
14125,375	-36,659
14371,431	-36,511
14621,772	-36,363
14876,474	-36,212
15135,612	-36,066
15399,265	-35,920
15667,511	-35,775
15940,429	-35,621
16218,101	-35,474
16500,610	-35,322
16788,040	-35,179
17080,477	-35,028
17378,008	-34,881
17680,722	-34,724
17988,709	-34,581
18302,061	-34,432
18620,871	-34,282
18945,235	-34,131
19275,249	-33,987
19611,012	-33,844
19952,623	-33,694
20300,185	-33,538
20653,802	-33,390
21013,578	-33,239
21379,621	-33,090
21752,040	-32,947
22130,947	-32,793
22516,454	-32,645
22908,677	-32,493
23307,731	-32,342
23713,737	-32,195
24126,815	-32,044
24547,089	-31,901
24974,684	-31,750
25409,727	-31,601
25852,348	-31,450
26302,680	-31,303
26760,856	-31,154
27227,013	-31,003
27701,290	-30,855
28183,829	-30,704
28674,774	-30,560
29174,270	-30,406
29682,467	-30,261
30199,517	-30,108
30725,574	-29,962
31260,794	-29,813
31805,337	-29,658
32359,366	-29,514
32923,045	-29,363
33496,544	-29,216
34080,032	-29,068
34673,685	-28,922
35277,679	-28,770
35892,193	-28,621
36517,413	-28,474
37153,523	-28,326
37800,714	-28,174
38459,178	-28,026
39129,113	-27,876
39810,717	-27,727
40504,195	-27,580
41209,752	-27,433
41927,600	-27,281
42657,952	-27,134
43401,026	-26,984
44157,045	-26,836
44926,232	-26,688
45708,819	-26,540
46505,038	-26,392
47315,126	-26,244
48139,325	-26,096
48977,882	-25,946
49831,046	-25,800
50699,071	-25,652
51582,217	-25,505
52480,746	-25,357
53394,927	-25,206
54325,033	-25,059
55271,341	-24,913
56234,133	-24,763
57213,695	-24,617
58210,322	-24,470
59224,309	-24,320
60255,959	-24,174
61305,579	-24,024
62373,484	-23,881
63459,990	-23,733
64565,423	-23,582
65690,112	-23,438
66834,392	-23,291
67998,605	-23,439
69183,097	-23,294
70388,223	-23,147
71614,341	-23,000
72861,817	-22,851
74131,024	-22,707
75422,340	-22,557
76736,149	-22,414
78072,844	-22,267
79432,823	-22,117
80816,493	-21,977
82224,265	-21,830
83656,560	-21,686
85113,804	-21,538
86596,432	-21,391
88104,887	-21,245
89639,619	-21,107
91201,084	-20,956
92789,749	-20,813
94406,088	-20,667
96050,582	-20,521
97723,722	-20,380
99426,007	-20,238
101157,945	-20,091
102920,053	-19,948
104712,855	-19,805
106536,886	-19,662
108392,691	-19,520
110280,823	-19,377
112201,845	-19,235
114156,330	-19,090
116144,861	-18,952
118168,031	-18,809
120226,443	-18,667
122320,712	-18,525
124451,461	-18,385
126619,327	-18,243
128824,955	-18,103
131069,004	-17,963
133352,143	-17,823
135675,053	-17,683
138038,426	-17,544
140442,968	-17,407
142889,396	-17,267
145378,439	-17,131
147910,839	-16,990
150487,352	-16,852
153108,746	-16,715
155775,803	-16,577
158489,319	-16,444
161250,103	-16,306
164058,977	-16,172
166916,781	-16,035
169824,365	-15,904
172782,598	-15,769
175792,361	-15,636
178854,553	-15,503
181970,086	-15,368
185139,889	-15,235
188364,909	-15,107
191646,106	-14,975
194984,460	-14,846
198380,966	-14,714
201836,636	-14,586
205352,503	-14,458
208929,613	-14,327
212569,035	-14,201
216271,852	-14,076
220039,171	-13,948
223872,114	-13,823
227771,824	-13,698
231739,465	-13,574
235776,220	-13,452
239883,292	-13,328
244061,907	-13,207
248313,311	-13,086
252638,771	-12,966
257039,578	-12,846
261517,045	-12,729
266072,506	-12,612
270707,320	-12,496
275422,870	-12,381
280220,562	-12,267
285101,827	-12,152
290068,120	-12,040
295120,923	-11,929
300261,742	-11,819
305492,111	-11,710
310813,590	-11,601
316227,766	-11,495
321736,253	-11,389
327340,695	-11,285
333042,762	-11,181
338844,156	-11,082
344746,607	-10,981
350751,874	-10,882
356861,749	-10,784
363078,055	-10,689
369402,644	-10,595
375837,404	-10,502
382384,254	-10,412
389045,145	-10,321
395822,065	-10,233
402717,034	-10,148
409732,110	-10,065
416869,383	-9,982
424130,984	-9,902
431519,077	-9,823
439035,866	-9,746
446683,592	-9,673
454464,537	-9,600
462381,021	-9,531
470435,406	-9,463
478630,092	-9,396
486967,525	-9,333
495450,191	-9,273
504080,619	-9,212
512861,384	-9,156
521795,104	-9,102
530884,444	-9,051
540132,115	-9,003
549540,874	-8,956
559113,528	-8,913
568852,931	-8,872
578761,988	-8,834
588843,655	-8,800
599100,939	-8,768
609536,897	-8,738
620154,644	-8,711
630957,344	-8,690
641948,222	-8,669
653130,553	-8,651
664507,673	-8,638
676082,975	-8,628
687859,912	-8,619
699841,996	-8,617
712032,800	-8,616
724435,960	-8,618
737055,175	-8,624
749894,209	-8,634
762956,891	-8,648
776247,117	-8,666
789768,849	-8,685
803526,122	-8,710
817523,038	-8,738
831763,771	-8,768
846252,569	-8,804
860993,752	-8,843
875991,718	-8,886
891250,938	-8,932
906775,965	-8,984
922571,427	-9,039
938642,037	-9,098
954992,586	-9,161
971627,952	-9,227
988553,095	-9,297
1005773,063	-9,372
1023292,992	-9,450
1041118,108	-9,534
1059253,725	-9,620
1077705,254	-9,710
1096478,196	-9,806
1115578,151	-9,906
1135010,816	-10,010
1154781,985	-10,119
1174897,555	-10,232
1195363,526	-10,347
1216186,001	-10,469
1237371,190	-10,593
1258925,412	-10,723
1280855,095	-10,856
1303166,778	-10,992
1325867,118	-11,132
1348962,883	-11,277
1372460,961	-11,422
1396368,361	-11,572
1420692,213	-11,726
1445439,771	-11,879
1470618,415	-12,038
1496235,656	-12,196
1522299,133	-12,356
1548816,619	-12,518
1575796,023	-12,681
1603245,391	-12,847
1631172,909	-13,014
1659586,907	-13,185
1688495,859	-13,357
1717908,387	-13,532
1747833,262	-13,710
1778279,410	-13,891
1809255,910	-14,077
1840772,001	-14,268
1872837,083	-14,460
1905460,718	-14,658
1938652,636	-14,859
1972422,736	-15,062
2006781,090	-15,269
2041737,945	-15,482
2077303,726	-15,695
2113489,040	-15,913
2150304,679	-16,134
2187761,624	-16,359
2225871,045	-16,584
2264644,308	-16,818
2304092,976	-17,051
2344228,815	-17,285
2385063,795	-17,520
2426610,095	-17,763
2468880,105	-18,006
2511886,432	-18,250
2555641,901	-18,497
2600159,563	-18,742
2645452,695	-18,976
2691534,804	-19,156
2738419,634	-19,240
2786121,169	-19,469
2834653,633	-19,777
2884031,503	-20,091
2934269,504	-20,394
2985382,619	-20,675
3037386,092	-20,956
3090295,433	-21,239
3144126,420	-21,508
3198895,110	-21,781
3254617,835	-22,050
3311311,215	-22,317
3368992,157	-22,593
3427677,865	-22,865
3487385,841	-23,141
3548133,892	-23,416
3609940,136	-23,685
3672823,005	-23,964
3736801,254	-24,250
3801893,963	-24,526
3868120,546	-24,794
3935500,755	-25,083
4004054,683	-25,365
4073802,778	-25,648
4144765,840	-25,928
4216965,034	-26,209
4290421,892	-26,500
4365158,322	-26,785
4441196,614	-27,067
4518559,444	-27,352
4597269,885	-27,646
4677351,413	-27,926
4758827,910	-28,224
4841723,676	-28,517
4926063,433	-28,804
5011872,336	-29,102
5099175,976	-29,405
5188000,389	-29,691
5278372,068	-29,990
5370317,964	-30,282
5463865,499	-30,581
5559042,573	-30,874
5655877,571	-31,189
5754399,373	-31,473
5854637,363	-31,778
5956621,435	-32,094
6060382,005	-32,402
6165950,019	-32,682
6273356,960	-33,004
6382634,862	-33,291
6493816,316	-33,604
6606934,480	-33,624
6722023,091	-33,934
6839116,473	-34,246
6958249,547	-34,560
7079457,844	-34,867
7202777,512	-35,181
7328245,331	-35,499
7455898,720	-35,821
7585775,750	-36,135
7717915,156	-36,454
7852356,346	-36,776
7989139,417	-37,098
8128305,162	-37,417
8269895,086	-37,736
8413951,416	-38,063
8560517,117	-38,389
8709635,900	-38,710
8861352,237	-39,037
9015711,376	-39,359
9172759,354	-39,693
9332543,008	-40,010
9495109,992	-40,338
9660508,790	-40,669
9828788,730	-40,998
10000000,000	-41,234
