10000,000	-39,602
10174,194	-39,439
10351,422	-39,321
10531,737	-39,153
10715,193	-39,018
10901,845	-38,887
11091,748	-38,728
11284,959	-38,606
11481,536	-38,444
11681,537	-38,310
11885,022	-38,158
12092,052	-37,995
12302,688	-37,860
12516,993	-37,712
12735,031	-37,561
12956,867	-37,422
13182,567	-37,270
13412,199	-37,120
13645,831	-36,974
13883,533	-36,830
14125,375	-36,694
14371,431	-36,530
14621,772	-36,384
14876,474	-36,235
15135,612	-36,089
15399,265	-35,941
15667,511	-35,793
15940,429	-35,645
16218,101	-35,496
16500,610	-35,358
16788,040	-35,197
17080,477	-35,047
17378,008	-34,897
17680,722	-34,747
17988,709	-34,606
18302,061	-34,449
18620,871	-34,297
18945,235	-34,148
19275,249	-33,998
19611,012	-33,856
19952,623	-33,700
20300,185	-33,546
20653,802	-33,396
21013,578	-33,249
21379,621	-33,099
21752,040	-32,949
22130,947	-32,800
22516,454	-32,652
22908,677	-32,503
23307,731	-32,355
23713,737	-32,208
24126,815	-32,056
24547,089	-31,908
24974,684	-31,762
25409,727	-31,608
25852,348	-31,463
26302,680	-31,308
26760,856	-31,163
27227,013	-31,015
27701,290	-30,863
28183,829	-30,718
28674,774	-30,566
29174,270	-30,418
29682,467	-30,271
30199,517	-30,125
30725,574	-29,972
31260,794	-29,821
31805,337	-29,683
32359,366	-29,532
32923,045	-29,384
33496,544	-29,235
34080,032	-29,085
34673,685	-28,939
35277,679	-28,786
35892,193	-28,638
36517,413	-28,490
37153,523	-28,340
37800,714	-28,191
38459,178	-28,045
39129,113	-27,893
39810,717	-27,751
40504,195	-27,600
41209,752	-27,450
41927,600	-27,301
42657,952	-27,155
43401,026	-27,006
44157,045	-26,858
44926,232	-26,709
45708,819	-26,561
46505,038	-26,413
47315,126	-26,265
48139,325	-26,114
48977,882	-25,967
49831,046	-25,822
50699,071	-25,673
51582,217	-25,524
52480,746	-25,378
53394,927	-25,232
54325,033	-25,086
55271,341	-24,940
56234,133	-24,791
57213,695	-24,644
58210,322	-24,496
59224,309	-24,350
60255,959	-24,203
61305,579	-24,060
62373,484	-23,909
63459,990	-23,765
64565,423	-23,617
65690,112	-23,471
66834,392	-23,324
67998,605	-23,180
69183,097	-23,324
70388,223	-23,180
71614,341	-23,037
72861,817	-22,889
74131,024	-22,745
75422,340	-22,595
76736,149	-22,450
78072,844	-22,304
79432,823	-22,161
80816,493	-22,015
82224,265	-21,866
83656,560	-21,726
85113,804	-21,582
86596,432	-21,438
88104,887	-21,291
89639,619	-21,148
91201,084	-21,005
92789,749	-20,860
94406,088	-20,724
96050,582	-20,578
97723,722	-20,432
99426,007	-20,292
101157,945	-20,149
102920,053	-20,009
104712,855	-19,864
106536,886	-19,726
108392,691	-19,585
110280,823	-19,442
112201,845	-19,299
114156,330	-19,162
116144,861	-19,017
118168,031	-18,880
120226,443	-18,742
122320,712	-18,602
124451,461	-18,461
126619,327	-18,326
128824,955	-18,186
131069,004	-18,051
133352,143	-17,911
135675,053	-17,775
138038,426	-17,636
140442,968	-17,503
142889,396	-17,364
145378,439	-17,230
147910,839	-17,092
150487,352	-16,961
153108,746	-16,828
155775,803	-16,695
158489,319	-16,562
161250,103	-16,431
164058,977	-16,298
166916,781	-16,167
169824,365	-16,036
172782,598	-15,903
175792,361	-15,778
178854,553	-15,650
181970,086	-15,522
185139,889	-15,393
188364,909	-15,265
191646,106	-15,140
194984,460	-15,015
198380,966	-14,890
201836,636	-14,766
205352,503	-14,643
208929,613	-14,520
212569,035	-14,399
216271,852	-14,277
220039,171	-14,159
223872,114	-14,041
227771,824	-13,921
231739,465	-13,804
235776,220	-13,687
239883,292	-13,571
244061,907	-13,456
248313,311	-13,347
252638,771	-13,233
257039,578	-13,123
261517,045	-13,011
266072,506	-12,901
270707,320	-12,797
275422,870	-12,690
280220,562	-12,584
285101,827	-12,482
290068,120	-12,380
295120,923	-12,281
300261,742	-12,182
305492,111	-12,084
310813,590	-11,987
316227,766	-11,895
321736,253	-11,802
327340,695	-11,713
333042,762	-11,623
338844,156	-11,536
344746,607	-11,452
350751,874	-11,370
356861,749	-11,288
363078,055	-11,210
369402,644	-11,134
375837,404	-11,060
382384,254	-10,989
389045,145	-10,920
395822,065	-10,854
402717,034	-10,788
409732,110	-10,725
416869,383	-10,665
424130,984	-10,606
431519,077	-10,549
439035,866	-10,497
446683,592	-10,446
454464,537	-10,398
462381,021	-10,353
470435,406	-10,311
478630,092	-10,270
486967,525	-10,234
495450,191	-10,199
504080,619	-10,168
512861,384	-10,140
521795,104	-10,116
530884,444	-10,095
540132,115	-10,076
549540,874	-10,063
559113,528	-10,052
568852,931	-10,047
578761,988	-10,042
588843,655	-10,043
599100,939	-10,047
609536,897	-10,056
620154,644	-10,069
630957,344	-10,085
641948,222	-10,108
653130,553	-10,134
664507,673	-10,162
676082,975	-10,196
687859,912	-10,237
699841,996	-10,278
712032,800	-10,327
724435,960	-10,379
737055,175	-10,435
749894,209	-10,499
762956,891	-10,563
776247,117	-10,636
789768,849	-10,712
803526,122	-10,794
817523,038	-10,880
831763,771	-10,972
846252,569	-11,068
860993,752	-11,170
875991,718	-11,274
891250,938	-11,387
906775,965	-11,503
922571,427	-11,624
938642,037	-11,750
954992,586	-11,883
971627,952	-12,018
988553,095	-12,159
1005773,063	-12,307
1023292,992	-12,461
1041118,108	-12,620
1059253,725	-12,782
1077705,254	-12,951
1096478,196	-13,125
1115578,151	-13,307
1135010,816	-13,492
1154781,985	-13,685
1174897,555	-13,883
1195363,526	-14,086
1216186,001	-14,292
1237371,190	-14,507
1258925,412	-14,726
1280855,095	-14,951
1303166,778	-15,181
1325867,118	-15,413
1348962,883	-15,652
1372460,961	-15,896
1396368,361	-16,143
1420692,213	-16,392
1445439,771	-16,645
1470618,415	-16,906
1496235,656	-17,170
1522299,133	-17,434
1548816,619	-17,700
1575796,023	-17,970
1603245,391	-18,244
1631172,909	-18,524
1659586,907	-18,804
1688495,859	-19,085
1717908,387	-19,375
1747833,262	-19,668
1778279,410	-19,965
1809255,910	-20,269
1840772,001	-20,571
1872837,083	-20,882
1905460,718	-21,203
1938652,636	-21,526
1972422,736	-21,850
2006781,090	-22,184
2041737,945	-22,519
2077303,726	-22,853
2113489,040	-23,198
2150304,679	-23,553
2187761,624	-23,901
2225871,045	-24,252
2264644,308	-24,612
2304092,976	-24,974
2344228,815	-25,340
2385063,795	-25,720
2426610,095	-26,092
2468880,105	-26,481
2511886,432	-26,866
2555641,901	-27,269
2600159,563	-27,663
2645452,695	-28,106
2691534,804	-28,556
2738419,634	-28,894
2786121,169	-28,953
2834653,633	-29,294
2884031,503	-29,691
2934269,504	-30,113
2985382,619	-30,523
3037386,092	-30,918
3090295,433	-31,348
3144126,420	-31,747
3198895,110	-32,151
3254617,835	-32,580
3311311,215	-32,983
3368992,157	-33,394
3427677,865	-33,508
3487385,841	-33,923
3548133,892	-34,333
3609940,136	-34,751
3672823,005	-35,163
3736801,254	-35,581
3801893,963	-36,001
3868120,546	-36,412
3935500,755	-36,833
4004054,683	-37,261
4073802,778	-37,674
4144765,840	-38,101
4216965,034	-38,516
4290421,892	-38,940
4365158,322	-39,360
4441196,614	-39,786
4518559,444	-40,211
4597269,885	-40,626
4677351,413	-41,044
4758827,910	-41,473
4841723,676	-41,889
4926063,433	-42,311
5011872,336	-42,722
5099175,976	-43,140
5188000,389	-43,555
5278372,068	-43,972
5370317,964	-44,369
5463865,499	-44,778
5559042,573	-45,179
5655877,571	-45,573
5754399,373	-45,979
5854637,363	-46,372
5956621,435	-46,764
6060382,005	-47,141
6165950,019	-47,511
6273356,960	-47,879
6382634,862	-48,260
6493816,316	-48,581
6606934,480	-48,934
6722023,091	-49,299
6839116,473	-49,610
6958249,547	-49,947
7079457,844	-50,257
7202777,512	-50,574
7328245,331	-50,873
7455898,720	-51,141
7585775,750	-51,411
7717915,156	-51,670
7852356,346	-51,985
7989139,417	-52,214
8128305,162	-52,434
8269895,086	-52,734
8413951,416	-52,953
8560517,117	-53,222
8709635,900	-53,435
8861352,237	-53,620
9015711,376	-53,882
9172759,354	-54,086
9332543,008	-54,337
9495109,992	-54,589
9660508,790	-54,813
9828788,730	-55,005
10000000,000	-55,202
